1523145
83533
1115544
1290821
1297842
1084187
1171145
1226863
687163
1159559
1327819
1198994
840464
1265609
875828
848116
879945
502356
1316092
662707
999136
1084242
1368166
1381216
1193501
1311031
1236153
680493
755898
1088434
1572073
1066313
1582770
467905
1419406
634649
1168190
646315
1630433
1646787
862739
1234731
1314786
1266127
24428
1242898
1634301
62029
1292695
1167307
157336
1539104
1387382
1297454
1339876
7451
1272837
1291608
1426297
1306368
803796
1276704
1054867
19995
289936
1233413
1555895
425274
693134
438631
1325734
299536
278
155
45933
991494
58008
1403327
1584215
1426964
329505
475557
76600
218
181808
372058
798645
1511417
1601243
1246049
1448560
671
374720
496243
1241470
335984
1268127
315635
1650558
1196067
597
934456
1234821
1061474
245700
1110034
22383
911430
950396
1218925
129
1010581
672
977966
1119449
1228246
37408
324786
1048923
269149
423765
122
533535
106646
11
402431
1652947
350
1217584
615
1637319
299534
567609
569094
497
969681
696393
677638
617126
120
550
1246945
950387
14836
1367763
1214871
533967
575265
361743
1305781
105
1363123
769
171776
244786
1241982
1317288
603
1401778
680
1266990
324857
1062722
1611398
1317672
1022789
424
102382
1184918
1191876
872585
1058710
447365
560016
11152
1180831
1480382
1291335
1367642
1315303
640674
76341
519182
858024
13
49026
62201
1175942
1248226
675
533533
557
280
429617
1038392
1117857
1930
1252037
1214931
122917
541671
1087192
744275
1081003
808
337404
4935
552524
1424965
862
811677
912649
286687
10138
109445
22
559
4232
1223601
4247
1011985
351286
216015
385687
992784
1197306
674
240
346698
807
121
1450527
1083381
524047
1007734
1726
14160
1470130
411
177572
4233
359410
414906
101
98
574475
673
980477
1078605
1199193
1498780
1266992
205596
939243
986056
1124566
8587
1083637
1439112
150540
49051
12
1408208
934433
967941
1406657
1304313
378236
773543
933260
646385
38
429
841
396535
82545
646380
271110
1156594
2288
58
12444
331482
936075
293660
1022787
14537
1197137
628847
73861
329865
11522
228150
1628116
767
82690
1327862
12445
10681
269955
348
639988
1192548
1579
762509
128
346
283995
389
1003596
1575337
99861
1208348
286217
941109
447273
209112
16869
156022
982843
1156593
1381027
1159831
1101383
585
127585
1357633
1403735
508947
210577
354912
545611
138843
273248
1582328
564
68721
1259102
670
1865
1242501
6844
1071585
573435
823219
290098
985939
812583
453395
949
801335
578
1064213
198663
447332
1396
562
822119
558449
284053
7131
106
1317149
80785
1108427
214756
261639
11036
1258237
281957
575264
8966
481526
1284460
1119878
297090
285
1310568
652
1430
466272
315162
111
297762
399055
4348
1314481
1011477
125572
1589891
1284120
150689
1252309
687259
284054
110323
346364
694
1100988
313369
284052
38757
696506
1321179
770
9769
1035259
436969
383498
370172
2062
539
665
24
13494
103
24913
1124
321612
717586
246
207
637649
810693
52947
334543
10191
1561758
823464
791373
18785
546554
1032892
79871
1489187
107257
1242419
7555
93077
489
1495694
701387
615457
454626
945961
419430
812
10193
18
1015998
863
953
378064
601
28322
118
105825
77338
598
809
135397
423
1451398
854
244748
604079
3933
1500099
1653996
59
335983
85
76338
311
603879
507086
1328803
272
1295400
1267319
508883
333339
337167
640
745
1429738
68726
957119
812037
568124
72105
41446
384018
1280738
391706
11324
857
10625
25862
131631
1412598
508442
1029575
137051
12153
60898
264980
635302
115724
603692
181812
72190
1362514
8392
301528
206647
1043197
4248
529203
57158
10674
120467
746036
152601
1401281
10195
9502
260514
141052
1422
1362315
1294203
539972
324544
425
744
479197
4951
882569
1326106
1241752
49013
679
27578
1495
1273221
1296462
68718
577922
505642
249371
420817
263115
9552
1278101
1353333
146233
604
293167
866398
1198984
670292
630
16859
786892
681434
168259
1734
64690
1627792
10494
176
493529
78
929590
14161
776503
920
37165
53651
2501
1700
1417
1497970
787
1428862
324552
6977
766507
976573
9806
637
49521
119450
43347
615777
77
1241436
1087891
1309083
565911
755679
62177
1072699
1135873
1010755
718930
273477
549649
70345
955
454639
36040
495764
381288
339403
588228
82702
70981
44896
530385
242582
330457
13483
39254
1724
1366
839033
566525
1301994
107
102899
734286
316029
102651
345
893694
387006
896286
12155
335977
621
1469354
44214
235
1258151
403604
860410
1588846
1287141
653346
37724
1422096
607
73881
447277
1220564
166426
1949
260513
1032823
799882
1131759
1375831
117
3558
18491
36304
36557
291805
1078600
75656
580489
434853
17927
497698
399579
348084
1555951
1427832
73
1561687
11970
1144107
8358
1147411
126889
1341137
882598
1015606
20352
170
698687
10867
299537
1084244
787699
1170608
1368337
1249508
618214
166428
490132
1072790
249397
510
420818
19404
8681
28
1466115
298618
1253000
2109
74
91314
268717
698508
50014
593643
524434
1891
1124620
9737
10020
353081
948
44833
661374
917496
82693
1100782
10198
14262
101299
6479
1813
4234
10591
244998
1368
1084736
20616
162
257344
1319895
524
940551
838209
667538
1064028
270303
281338
1151334
377
937287
1091
572802
460458
1008953
296096
547012
1235746
1628123
259316
561
1327688
25237
46195
500
723355
259693
1163974
49444
140607
616037
245572
56292
343611
110415
149
1600672
936108
748783
98566
399566
161
208467
749170
62
940721
4347
50619
1389149
4011
9276
466420
1632181
464052
207703
436270
4922
1195506
1426776
585511
37799
1511789
242
9470
4256
1205225
11770
1383247
558
916224
137113
257211
660
81
1257009
335
398818
675353
520763
9323
1301421
260346
1084199
1893
629
320288
338953
1213898
381284
5879
185
4588
458156
359724
1596335
629542
197
1643729
616
792307
373571
619979
4258
254
38700
474350
10192
514847
297802
245891
568160
1136867
11216
424694
76492
508943
275
2105
87101
954
4638
198184
408
889737
240832
1154538
11688
950
845781
1610901
10764
5925
438148
772
84248
273481
1018
438695
1161617
307355
843527
537915
493922
703221
9479
10528
9741
639720
299054
645710
47971
165
9462
8355
50646
609
1601797
8467
9757
1402
810
1376434
334541
75780
1022256
157350
59210
581528
337401
1359
339331
515771
93685
804370
423204
1226578
754
1097549
11423
480530
226674
64682
1034541
28468
8835
1271895
676
141
69403
414419
348893
777443
532794
1042834
861
278154
13183
4257
423108
138103
756999
1280282
620
61979
507244
588
799583
18239
2034
19913
1480295
308624
979
72808
519465
66245
587
1429520
370663
1629382
398978
615656
63
51876
602
1033148
492101
522938
76025
818647
9738
926393
363088
228165
1050035
9820
484641
137106
109418
184315
27
335787
760104
965890
270946
10515
507089
10830
193756
1151031
1443374
10950
1017163
1465063
624860
2251
1447457
1927
453
1364608
1316147
57214
549509
697843
265208
1585
609681
115
1374686
785084
465109
7485
430548
246655
268
762504
912480
400928
840326
307081
788
843
310131
1516445
1244492
10386
76493
387848
441168
1491902
426063
385128
36647
381283
1593
1159311
142
986206
713704
65460
79
137
4327
550988
1185806
2061
122906
1924
752
1022796
534
1127110
82695
309768
1900
1241983
406997
87428
359940
81774
289
153
118340
339964
296
276907
1020969
1461181
804095
45612
448119
86834
50620
194
75612
7446
763215
9444
41787
345940
300668
9928
116745
41154
533514
1633264
1271
1151272
376867
1456349
348350
290859
1771
927
1111873
274855
427641
1010756
980489
1290182
268896
136720
64688
695721
1282440
2048
214086
605
646
424783
1120911
28178
1566269
40642
1288072
8363
84892
11713
4977
89
149218
1885
1245347
1079091
76163
662723
10555
395834
138832
112929
836988
87
8961
762441
154400
966220
318256
23168
1212742
4584
274857
22881
512200
673593
8689
1029955
4982
24021
1275779
38575
124905
686
312221
1598
565770
335988
147441
10483
724495
9348
264660
8909
11046
439079
1232449
93456
8065
573
449443
1371185
1106289
870028
10882
8960
700391
591
318846
567
516486
278927
1429605
29403
547824
297
966
1265
9475
640146
226857
9453
12493
359364
10527
1181107
1892
650524
1522377
710
467244
64084
1584
14
585083
739405
57800
204082
297761
4564
35
1592032
261381
205587
22538
49049
801937
851644
96722
11224
644
1034716
963261
9837
7445
14574
49047
8337
1323625
34851
2280
622
329
563535
11969
1392796
10897
187
1174128
324849
341174
877703
1280450
5503
530254
639933
530915
49530
900667
19994
1181678
1266798
1948
54989
36095
840705
140300
967
879
505026
1483546
976893
12429
177677
8077
1014505
1440049
396422
402900
9659
846422
105864
76757
9487
1701
251
7340
65
10543
10607
615173
658
718821
1352624
18823
503
283566
1487
460465
13398
11782
1658214
1160956
393
652837
634492
9792
10144
937101
9340
9902
1323263
353486
81188
1290879
7512
287947
2668
855
1104845
462183
882059
1412113
87827
61791
1382406
65754
290250
32657
1118031
1499984
7345
308266
1482474
74000
8078
927254
402
1116201
1359607
1613798
5548
20526
2493
11013
412117
9802
17654
820
86331
364
1083433
392044
85877
335797
50727
600
36669
339846
10315
1894
368164
30112
888
15121
637920
1356039
5559
114
70160
329833
410119
871
627
1333100
1360829
255709
1299655
615453
39513
29912
88
792
1421552
1383731
1041613
1125257
987400
1428990
302946
1035048
36419
650033
1571
8871
22970
59940
171274
315837
15371
447404
986097
5175
87502
11631
228967
476669
941
796
536554
42456
9360
380
391713
68735
95
1232546
608
310
878608
1052558
18069
1138194
404368
957452
714
146
648878
9889
545609
1089
406759
225886
1824
872
929
901362
1549519
476651
661539
10585
1175174
28938
1242937
499191
269539
420809
8009
180
149871
800158
76203
1496735
53182
1507275
1571470
1252428
579974
2832
37136
1440100
100402
813
59440
1370
1000837
9476
1895
49519
475961
682012
1004863
1372
365177
31606
957
1130276
324668
283366
1242434
13475
9880
132232
330459
1979
258489
35019
570670
11544
1287536
515001
243935
1420733
13053
1023922
1212855
1233575
5174
254320
891584
190859
311324
3766
336843
7518
1445276
2454
10545
931285
1369
96721
238713
1418302
38055
656908
1637
43453
1450257
13186
4995
1114513
949423
1140521
77985
10693
283827
1078023
274870
294254
87516
512195
1086260
332562
1318447
1400224
705996
49040
577953
126963
1304434
454
11645
262500
62211
594
812225
1308821
517814
184345
62835
82633
51608
194662
1421671
411088
6114
258480
868759
400136
1114967
11635
80321
3131
975
923667
136799
307344
3782
10895
458723
73723
581726
45243
39514
42542
5876
1738
836225
522627
196
9355
134764
1268630
793387
856289
574
406
9603
217
405774
12207
1114751
725201
29669
1200320
51739
6957
26877
492188
1008042
1083862
631843
1426968
9509
1126166
181533
26389
682507
363676
937278
54138
7551
415
718789
466282
11836
1401586
297222
1450379
1608982
747
2675
842924
1933
293925
664
80278
602634
196867
454983
508439
4488
967847
531428
257512
4437
82675
68730
874860
189
11690
1077347
3176
764339
838365
83542
18240
5255
666277
9804
1249213
828173
12092
9426
337339
153518
417859
103663
956
9016
937941
44826
928358
254470
20504
282035
2756
496450
9532
884605
605722
893723
10999
425909
254128
913290
158015
820067
46853
2270
97
453405
1379963
9800
1492193
979276
454527
972809
665733
1413097
3082
776797
7980
11362
1592
1677
1553949
388
696806
19381
346910
1572
565
6960
576004
44741
881
284552
504949
149870
667
1610413
10982
1503900
37797
1075794
1241921
390043
279
1621
1573
316351
1134754
508642
2024
951491
677179
305470
133109
497582
1159206
55721
11322
563
23483
138697
400535
1485085
10530
9693
68734
1116465
15804
39857
1012201
831044
14624
487558
57165
9495
678512
22794
1561955
1309012
454640
12162
4547
107846
346648
1297763
49018
369972
568
9732
1300116
8413
1291659
10377
544
322
527774
1405769
1247002
1327690
774370
6477
342473
110420
641284
501170
36643
9072
9919
762975
50544
824
375262
473033
1196946
1528660
223319
10775
1562
37247
1735
43949
18126
537971
49797
112160
842675
8656
364689
8741
20662
606870
700
11220
4108
934758
1185528
1338799
15512
266604
345887
853315
728949
97020
21385
14282
774752
1005076
614917
42337
9654
324852
13223
2978
1140498
1043905
491584
82507
7220
1272
1047041
114150
281
1128650
1607
610150
2666
896536
12481
205584
9836
11621
420634
1319951
1209217
64635
46738
43446
169
187017
314365
10140
185664
72387
619803
34433
1022453
1570329
1267
376252
1542995
29817
13448
12244
207932
1206008
646389
296099
9358
6978
2503
218746
698
13855
877817
9362
16723
1104844
476292
71676
674324
2059
433
982
77016
8839
614930
9325
10771
37094
559969
360920
27582
1791
30497
659
1020006
479455
13012
1250
324558
1538
974262
375846
1010600
338803
269
298250
259694
80794
49046
1669
581
64530
840430
1405338
560057
11778
770156
974950
21484
48650
498731
13597
1640
9341
288315
1226293
1125510
9303
522162
300671
278924
39538
81672
1443
420808
11636
9461
34544
13333
708
9637
280217
9316
1064486
252
62213
1147710
384521
2322
426889
1422211
4476
1291559
10634
503919
17467
386716
23823
11205
1552819
962
44264
1244975
4550
1452
9550
1098006
261023
27098
228161
15370
1228710
617653
1379266
445962
6145
293670
965150
400155
682
1005331
1389881
819
1581
508
535167
8068
227
14324
501929
10995
500664
927611
341013
340837
899082
938614
333484
1125899
447362
2164
659511
75629
12208
277217
8856
8697
613504
547016
9361
163
1522496
620249
1244944
502330
37735
634
10802
59967
1285965
4181
526896
705559
855435
8922
395992
15070
459151
298094
14128
352900
43074
22843
274854
548
1302916
1205515
256591
13375
57212
1245993
10719
75
1149504
1575439
9607
1249289
9765
2108
1658216
938
82857
9335
764
34584
2502
303728
615677
1287322
4523
990140
505192
555604
9480
556678
802
293172
36586
334
184
2649
2118
1322752
27576
223702
8393
59436
9353
10228
926670
537996
969492
38199
504056
1422562
455476
1214140
2135
869
399402
762
9390
10878
70
3134
8275
159824
109414
1267905
212167
964980
22832
343668
11287
1278
9056
301502
10220
1194963
293863
1374
303857
853
80274
1119090
1213
172385
1550797
1600028
504253
212778
45139
508965
755
7326
1196656
17880
33
9297
1263421
753342
609886
184314
13510
1130875
1155281
20766
239
1396965
6075
10112
263472
169917
1454741
1059128
2667
12405
1641961
1477108
772462
1057491
341198
10376
276844
71672
5915
1715
592350
18707
1602783
5176
713364
876792
87421
11954
403100
33676
1160360
8488
9982
1254786
1629095
446893
2758
11130
33217
667520
18329
599
1295026
241259
1286185
938008
6950
630586
338970
37257
993710
643215
264644
685274
78428
55779
36955
44912
290595
37686
21208
1153714
576845
37834
9398
1122573
1106739
10431
3170
999075
1289893
554776
1330421
758330
203835
11459
21835
122126
1242332
9874
1427
22894
3021
18360
43947
9339
6557
1645
1062807
776305
1071215
49517
1088166
435
26466
960292
820525
601796
313297
314095
456740
1217602
1146344
438799
68724
811941
513310
6637
72559
655
1103856
1199869
989662
299687
760329
1226306
64348
11430
719221
786
974635
1355666
798286
24402
90
936245
10661
109424
531309
765
805
72976
1547
151026
1139566
9023
20453
1123640
1264805
865
8321
317442
4824
9655
799379
525
793
8090
253412
125509
968051
10009
38234
287649
428045
8769
1614492
14001
17431
443791
587792
9352
552178
2604
387
1574
59678
36648
897160
6466
774825
55547
10030
663712
15999
60304
1337264
19545
1404791
295830
779782
302699
30018
9392
1194388
94329
37233
38050
116149
9679
345938
7191
1541
340102
10501
5680
15
795514
11520
419743
325358
1014840
852370
594767
1072342
18405
1109086
1001835
271969
710295
11072
614934
1325678
1140535
300669
228326
914
9539
9387
45269
794
9567
930564
8273
238636
1400032
713
11619
136797
395991
27022
250546
339692
256040
9383
49575
11978
41498
16090
9753
10096
856
167032
1255
297270
804150
76726
1464883
481848
10229
10044
12201
10974
204922
400617
1498
406990
58574
10796
587727
372754
60308
5689
308610
68610
9408
76
853033
11247
731141
698438
121875
791177
216527
1283
11071
11471
668
1317938
569947
41733
9909
1367125
398222
4500
707
840
188927
10835
1477279
549514
1124619
513434
867
1497036
657
11033
338969
455207
504172
436264
9598
44865
298
983507
542178
507241
334533
1239288
310307
11153
11005
1995
947
13811
176983
572154
1124799
8920
150
15137
44115
614479
807172
11916
55846
421892
1302007
8095
11418
709
7214
243156
997317
12599
436459
9286
57201
77877
119283
71552
55685
2310
1290417
81005
848326
884
9277
2300
872906
232672
1445363
27581
16320
625976
488623
288
829
25676
277
9614
583
1103437
15255
9336
604685
320
395990
424139
518896
1026436
9798
11976
2655
589761
21519
9772
363343
1223690
9344
10358
400106
21542
274862
10398
1371
206487
11873
277216
49529
21521
334074
10065
1354700
68722
37430
389015
8247
428078
419116
381719
911835
384680
391
1300752
99099
374205
567189
9714
663
118379
9599
41513
666154
437068
49849
5143
1263012
10757
1315772
445571
717930
14069
260336
2142
8051
241
21647
10066
64124
728142
715931
1480387
8329
50359
588648
10529
984
9619
1468417
1991
768744
1195518
246124
21832
602063
21422
924
4176
48138
1883
109689
2440
726209
715756
1578
271718
1276073
1729
8195
956842
486134
6615
2085
10567
8982
934632
434203
87818
1324928
1658209
8848
339527
587807
499932
3981
758866
49017
1519168
263132
9739
585261
1064307
16996
8470
104894
520758
1147416
40096
9350
972533
290864
1907
12230
7549
1302001
227973
9631
1965
2330
1045938
796499
2770
83389
9702
25
172752
387426
1587
37169
522402
578701
1290159
321697
1450599
1712
26662
7299
761898
11428
39203
4909
158852
748167
9291
757725
346672
409
980026
1432596
1312946
1599090
211672
618344
32629
319838
10184
458305
270487
617
790416
534530
267935
9366
11469
1421198
10997
947891
527641
1127074
23827
1215106
433808
496
242042
4561
1586841
460885
44251
847
1236470
628900
73454
12102
744276
588108
1154800
502416
9894
449132
361292
415842
723640
13885
50456
1642
1367575
928
1246
7350
207768
97434
319
9481
10474
1265344
11932
353491
68
636706
1233069
8619
10225
829280
9377
51828
2268
418827
1049
429200
244761
870360
33542
25074
2907
16269
939099
3989
379149
81481
11426
210860
45871
8916
923
2005
559907
15856
642885
1134055
1058694
82703
401981
225574
327317
592983
11852
1103
893712
593910
11583
195757
781732
10340
65086
10753
675445
296098
451915
2019
760741
11253
19912
1008409
1276171
444246
427719
175112
1127166
10948
14869
4133
497828
931102
4836
396461
56123
16664
516729
11283
610892
581392
36685
200727
1163269
1265063
45379
152532
399174
672582
320956
63197
12620
8914
28808
258230
72545
1358280
518068
17609
192397
146216
329996
166424
1223906
116284
34726
242828
7347
74308
475330
449176
38142
28874
72331
579
724209
799766
524251
242224
1788
1375
413594
333371
48624
397243
1100099
254869
1039316
306819
1325230
4614
60747
1009640
747188
540901
597208
64993
72784
1090
1293286
1373198
11474
2055
8224
1005234
860
153104
338952
13179
379686
23631
365620
257445
11351
1239251
9003
431693
56832
8913
257346
1955
431819
959604
619
1147400
10366
13027
9671
1620
213
1254808
604822
11045
681
18148
1155089
357096
1237082
479718
227306
12106
11527
839369
429197
10865
1911
10222
509967
10439
268531
1013850
36670
243219
340666
10665
1337562
1059064
159446
1219158
8698
521029
1480259
419479
4478
297021
2640
1190511
360814
354287
2252
105819
10329
858
2899
4944
955916
10559
745881
287424
8326
298312
1464533
4192
509
639
10139
353070
392
433310
72650
8645
814785
23437
37137
117251
568620
10622
1624
1306525
401469
531876
531219
274
482036
252178
55663
454619
11665
360776
221731
795
1263256
8456
1029281
1628733
9705
6795
10703
705861
726759
575479
43586
489999
27945
4964
1367
265851
47964
645788
296524
1239193
186
820609
9373
968
6947
97370
11075
7459
193893
9645
1690
11529
9471
11023
1262
451048
602269
9312
7364
818397
227159
1339658
1094138
712
13460
787752
8814
47002
195589
39205
804
123338
111934
82372
9035
8967
11860
1165642
6623
9947
74997
58412
37710
504608
9762
668482
5528
2898
480414
10590
17809
39144
152
339984
550205
8489
948713
1254135
1269732
635910
821792
13387
699
31011
619778
433498
17905
10028
612
308531
1160018
9349
8055
446354
691
1281
1196470
436931
9600
10428
1020130
335117
585032
1135847
993708
50476
770906
1226406
485942
65892
22954
20677
215
9374
763164
504048
7508
49524
18892
15356
1307078
927342
8409
556574
2428
10226
11974
1391
1251
1496815
10404
546726
1903
13363
165465
752623
11198
961323
2671
1364904
238615
5994
5038
514585
22164
301
783
6519
1290432
37933
9268
10774
37958
1542
22949
457332
68924
53932
11824
1597
16871
1923
483
465086
10951
75174
9319
729854
1139087
111190
1016084
1022690
1082195
3597
961268
539885
10637
618588
955555
426
430447
11299
458220
8810
44982
533
16113
429235
140240
619730
801688
393850
1087822
13809
1148677
12545
59965
864370
7840
284276
522212
901563
10523
9606
385103
645886
74465
1395724
458083
1380126
1408
43593
314405
974931
116
848538
22804
25793
505262
11113
93898
399361
13754
532639
14784
47327
1278950
33320
34179
1171462
942881
37636
59859
1468057
1040148
660982
121734
611291
346685
543753
862965
1542261
236399
36225
508422
8277
12543
1421071
43539
1327881
780609
790
10617
86838
117263
1305715
19959
337170
44943
323260
287903
399035
308032
619264
475215
11649
4512
181283
894205
447200
24128
11177
1086591
3050
2486
107985
1242015
4689
152088
9331
616820
52629
381289
1313144
79707
646207
21733
606856
17457
36362
8469
1428
9774
12242
1287571
39202
412656
351460
18813
476299
324670
2277
499701
1064835
1374534
1576
458376
615643
1305717
1028196
72570
1455079
18334
9516
258509
1443576
9472
718032
44048
1475490
738652
39102
935
1151039
523607
10147
575604
17899
1272149
4513
864692
763165
10730
63492
8193
9549
1069905
724109
1643294
68728
41630
16804
241554
2609
406563
481084
507076
127533
165213
15283
52451
591102
1970
58595
10357
244
241848
375588
1246369
1203329
1083968
970450
28422
474412
416148
10589
309809
246196
25278
121147
437342
10201
1443940
61012
327
10481
1381
37707
11566
11509
77930
1537633
11774
11286
940139
121856
2123
11551
1425045
484247
15080
44731
650
109451
98567
704
134374
19833
1166133
8536
94965
557950
5721
442249
9342
11653
724089
3049
173185
5902
12289
259129
107028
8879
838240
761053
58857
426829
9404
11519
814776
1878
758323
11000
638
21057
632632
583198
11460
82654
16366
315465
9100
1493
919207
392572
667257
834
9696
3777
918
9397
10137
14003
65496
23398
10196
440021
814
10890
9482
440
109428
70006
538751
397567
345920
1040
866463
1367220
9062
11009
101307
14306
1049471
13161
10843
1205656
1021679
180299
69
524635
360784
1086747
773
1272405
417644
614933
798021
204117
124233
27476
9594
435901
532067
97375
11393
434714
11618
11658
407436
376570
12096
293767
11176
300168
2313
32022
48787
10618
985
11845
462181
152760
11011
1654
58702
693
505706
366232
192141
10633
1195631
644495
1244531
24752
1591771
818
467938
1825
913
513692
28609
13980
130150
19186
641
75638
601666
18764
755566
446021
627725
277834
97630
1182047
1051896
274167
499726
727340
134
1654429
55931
7453
634429
1656
21450
124157
9326
11830
2064
139038
688
703
1137179
11967
23629
18501
5336
1501204
10673
44092
266647
817
1340355
30421
10564
1658217
12572
942
877269
988078
756
39204
157353
11344
9595
339849
441701
638507
39105
995133
1241634
257094
59962
11235
63311
624
1285366
1196573
13461
10588
1208808
391757
482321
175398
128270
460036
38321
51533
243
929204
1460811
83666
1312860
923939
625450
2057
64885
245842
1992
228794
25538
9571
422
999582
977294
15092
421471
328387
203801
437557
137094
16318
467660
1339713
15789
2665
372962
6522
1103621
647245
844
369471
672322
390062
138
1354959
37703
9257
14412
25095
23047
13920
9040
359363
1262815
1510378
14638
1388456
75624
303991
440617
31216
1393151
928270
1656163
575299
351565
4148
438058
460555
575138
18670
590223
15196
5319
15301
1394705
502994
399360
9522
332567
807356
10423
10860
262
76649
25626
1164
800345
41283
862557
245
27324
582014
261171
11450
136835
1138310
398173
11199
64686
920708
895917
14756
894753
350499
68737
199
1634858
63319
46705
454227
10403
10200
533444
21039
483980
7516
10780
10925
1086910
820232
1124641
8643
1029235
201085
218043
932086
610253
9778
238845
129123
9087
19277
12101
4464
9576
832964
1396888
1926
402711
573730
949709
293
59053
1395140
1534
660120
29259
1440
657599
571055
595
499
1233506
88751
188541
50146
1210938
4961
9759
55292
6282
9437
266039
1147266
10623
17903
515195
1491
39324
4552
71883
8204
15165
568091
11838
339988
779029
345911
10851
41387
349315
626412
310593
10060
744653
11134
635842
335778
132363
53168
11906
9900
76617
1549292
527261
586353
47933
71186
560521
378
4147
698948
376660
693158
1278126
391423
1001311
1410082
6972
8963
2897
8386
1216191
12783
228805
398181
1056803
341006
37714
449406
535292
10351
1398
3034
374856
1996
682110
275579
223
253
551804
8346
76640
65057
936
458423
10014
1176573
67605
266856
9489
1022659
1155282
613
592831
58062
343511
338967
763285
1294698
21972
113878
2768
912520
199449
66105
151960
18190
1400763
277896
452507
1015333
440597
32856
107900
1300968
301337
109410
869291
17979
8274
2133
39448
11360
136795
68883
2163
684501
646097
12180
546121
10722
11416
10975
377101
560050
1013482
10022
4771
8843
417384
1037113
51822
544401
4553
347201
963
262504
746
2112
491480
245861
1378
417870
39207
123553
947315
77617
864
16127
1410340
592695
1097311
14197
858017
736526
39104
301365
11470
461130
36592
302156
987573
6644
266294
1071640
18311
1266
1059
8487
399057
8938
1049638
522924
75138
3780
809140
628917
987686
14943
1123287
913673
921636
289695
1484453
511987
9906
726139
9506
11891
136418
96724
6620
565426
8584
531384
1646
1076364
1447971
926
235260
48254
2082
823598
105814
3175
34016
1084153
2323
210479
265177
82682
2023
816
246403
267193
45772
10280
1139817
1832
369885
1633
455980
1220552
19971
10785
897087
567604
4858
198375
90104
12140
404574
1262547
662708
1127227
429351
522681
109443
280180
6056
58151
899524
4587
42845
1433680
383573
7520
376659
1119774
461126
910571
13195
1219394
912598
716612
6964
1108211
15384
1046758
10327
945729
60935
1210732
1046090
625119
321258
55951
535
14174
10495
11948
381
491283
535581
9882
1452827
11622
901
495925
9923
161246
44683
1619620
943542
709631
319448
413362
11886
1242404
1052280
994108
9584
99871
33583
661845
707610
13648
45588
136400
38684
1049942
14310
11537
10985
9833
133121
1162858
1077782
1439930
9313
512901
1235877
494407
390845
553
249070
376290
10045
556694
903939
14926
381902
46529
11644
1096197
747983
696374
11878
123
9620
6435
10336
243352
9493
19
10803
27579
1195430
340442
1253175
418579
460019
1181540
34065
616446
284
13207
2759
1292645
44154
2039
4970
9078
17422
52212
280996
820446
295964
514999
14854
214
883954
2291
396371
1331375
62215
5123
48988
35690
634528
9691
201088
12149
9535
943845
15916
408866
431580
760245
158011
59961
1268663
1268
441282
48390
115290
1443959
9053
234200
768362
400160
10852
1222248
462
104
240143
284536
227156
60307
12526
997113
602223
40805
325592
567748
664280
976576
11596
692
938090
90450
10436
372343
116776
8699
219572
1261188
168098
222935
2619
25623
429415
536437
770254
109431
11667
40911
399404
103731
11257
1283515
9378
740966
9029
551
291870
1357886
11679
12103
48266
442346
157433
9042
76758
170657
14168
1225572
11397
201811
850165
614939
40114
122081
35002
972614
1301270
13813
13700
778552
11968
10603
505225
1007757
10610
555285
2022
1102493
62214
31439
2749
11917
486898
24675
108747
511809
440471
1125
957304
36593
10435
617132
602734
11212
1051
664469
744857
474392
11557
37786
10521
1223178
8079
105444
9334
85350
251783
11853
784374
49199
483202
777270
78786
458594
44730
1887
11358
241863
19901
1017633
649609
11849
51620
10538
168672
202220
1154215
5289
792293
1329336
4105
328425
763
108450
426983
1397364
4421
9395
10601
9913
3084
291549
982932
420821
9788
870769
45202
11411
3600
167073
77931
11814
6279
358090
2253
5
102362
9443
10731
1073
10868
169881
54982
552688
796185
18857
75258
39101
289720
16307
11918
17692
167
1315988
756397
387889
283445
1462229
1420270
1429744
86837
976734
844398
8984
1075175
9574
9587
5955
482040
187022
75674
51540
288987
425505
1127384
67176
544917
1167271
25539
445030
67395
396194
8834
168
760099
3683
387544
12163
9879
9618
10216
12139
1443762
10466
1219620
1230368
259695
28211
23759
1048241
446807
630566
21778
252838
974036
344284
1057001
51481
745376
267860
662638
517991
522016
7553
2312
2362
83770
18550
11565
175681
1062907
8850
10537
912908
580
183011
10413
9315
395000
1241894
1354627
478798
142093
8012
760774
431
1454308
314
12205
19496
4538
1725
929170
429450
873
581526
10015
9032
453133
307663
170687
18767
1129598
11977
82
762430
899112
178
1371727
1273
92282
14442
11228
1357449
356305
1694
71859
381890
10314
539681
1494
50723
24420
1151949
664792
1224993
51482
1241320
746333
11909
18129
89492
2757
492
11186
100042
558915
791
426543
892856
23446
11712
6278
1263037
490
287590
9101
1254624
903125
290865
1013601
80295
1102883
39106
626332
8271
316269
1160003
25943
355547
506763
487616
1002398
144288
13455
38810
1160981
122583
88625
844185
536869
118444
274479
270774
49730
1245
9322
1226304
259943
1214130
208496
15969
11517
49520
11563
193610
4442
653851
328409
145341
1504349
459992
618162
1512623
8953
292047
292238
292431
77805
1186350
300673
34067
1079485
1126336
491418
1229910
945937
9411
1151766
10510
242512
863873
205
276624
2614
1135869
1134463
172
52776
504
1145899
524318
17610
2044
14533
7461
3112
798753
4808
938092
233651
534490
336768
1173558
373569
348760
26371
508935
106473
5279
482207
10153
972077
446791
94365
393345
10592
985617
39899
242131
748230
11368
378108
12104
4643
479
1403040
1001414
1186067
11811
11329
487297
9604
8292
989730
2657
2331
1202863
442062
1495716
37056
37034
1373445
408620
14438
17015
14199
5825
1904
13156
254904
845222
5725
55
22536
10781
1339611
1241624
24740
12516
16007
11524
10246
10991
450001
635
591274
29427
8005
467824
1056444
1289888
734002
482373
520023
13396
648579
1817
814338
11683
517909
914215
11237
664767
337703
567646
264656
38985
1284
171372
623135
4566
205894
1740
1535
1657907
390433
11451
24163
978796
334298
20048
384345
1255718
800787
1196943
449992
585245
86000
6415
1388338
77174
1390382
263109
926899
39206
9445
862308
81796
188222
21452
212162
66
1586941
235704
535544
37280
799876
1531018
501907
599975
585216
42188
10141
2698
2623
1508564
11647
14424
7442
484468
262841
910
1414703
457335
52520
745323
1631485
13523
10223
24684
576393
10866
9294
440472
9428
10664
806
8845
507532
1026227
442083
353069
20982
10010
14207
106097
458576
925
800939
943
11007
585534
1363974
384527
1255350
589759
7346
6073
4379
1145612
663558
447759
88794
41402
8066
848123
3110
31589
1466120
11321
915403
9972
64328
1092
393457
710258
812341
86829
11851
526051
454458
71880
14132
10715
220289
11187
39108
10393
203
420622
95610
9558
364111
17529
10218
12113
22947
1139829
851
56996
169971
426563
1636918
458897
411873
1228891
10577
429245
394117
1730
916677
623491
16577
981
80518
1363103
13252
231
96
49021
845387
300681
1459745
10083
1101234
554241
401478
164
12600
65599
141733
597891
9354
948549
11012
3085
41541
1215162
303
8452
1557848
98357
57361
1078581
1435092
15691
449562
14534
79548
1255788
22972
554805
1128752
9530
395
3563
82700
1240475
13688
11808
1160164
351523
302421
23676
11001
208429
1164355
7515
9667
357940
115782
26388
1134433
581387
1251717
59108
1223142
572164
9725
19585
26851
146451
522931
121602
460648
350725
526
938567
9955
257088
13345
13600
1066298
9877
505600
31442
1180449
568439
528085
1688
508081
285213
1249423
18674
41472
34295
627087
264069
266034
73462
9726
1081012
1577
70435
1460448
891
332210
530442
173122
514207
1482168
121737
31767
6537
450636
241239
528018
1186532
118406
11775
1497
1362786
14392
2114
826704
1078249
10477
37585
58233
1880
614560
10159
181886
2517
88557
651
1359434
777245
10549
990485
9473
1248832
167884
10663
1516949
8427
17379
13417
324542
8293
8374
758336
9346
80
408220
638597
42383
55301
4551
10110
303903
104524
231164
56653
9289
800815
9560
942576
784651
12160
11662
1285
631842
20083
228205
617502
38027
68004
19877
13074
9612
137227
591538
1124127
615665
12233
615904
639721
558088
512
838
1393076
65034
1370123
5492
347031
10539
17917
791155
1355126
82687
13939
468892
6283
388399
1628
395817
50348
13785
9433
21036
107748
542621
10027
26973
11365
927107
2289
3109
916
896151
162747
459003
1871
846
22825
775568
14367
11953
1155828
50482
1114894
9730
10514
1249698
41343
859
55156
964943
69310
9531
11171
7183
1452267
928123
39057
12779
1013446
45317
227679
1217690
614409
1016011
44725
77412
449985
1274214
37021
192
15472
1548113
2157
11178
5550
52795
216919
16136
849869
69482
4291
1143440
191478
457799
15136
9036
9314
10323
37024
41210
8974
12184
975773
157547
628704
320588
39148
239571
527435
369884
9562
665251
10395
10402
360606
707886
2046
6877
11576
8197
265712
10735
516632
576
255765
1968
438376
13970
626872
9825
9285
653598
638974
16314
696
376858
1128655
23169
1410955
1636
33196
943134
1985
134411
49527
9017
176241
6217
28366
1685
629792
1259
574303
6552
615165
1370814
974453
109091
54186
1248723
381341
9760
175
57431
11327
13957
2140
24248
524369
18725
225914
1392117
350312
36865
14684
9279
1844
966858
521777
3116
378018
55157
701598
831815
64639
12715
339967
45453
20943
12437
9044
294652
400650
793058
1062215
1523667
2662
480681
10047
454467
1295875
9626
419329
64586
1705
5551
575219
152042
351339
636173
695932
577
9651
1323909
451997
559581
532652
46838
222761
3035
801
38167
265195
24593
986280
11841
1231574
279431
500890
11357
375834
895
197796
667216
1024621
762968
9610
25961
379170
334524
188834
1205229
7735
14411
23202
408567
93465
1481955
11349
1710
850975
10671
1149167
1315986
912032
364398
5924
331576
363579
949229
782054
296917
14873
1127674
404265
11687
345762
11850
602147
157354
15379
306947
1298727
885865
3040
9701
113947
9477
14564
429300
557685
80606
11975
10016
52333
2616
16407
298382
535389
70057
285783
218726
1165096
509583
18860
2734
974573
454294
188813
18775
24226
1727
83090
70841
1291436
400483
10236
83091
68942
164251
75701
46122
1029330
6069
11238
24167
9281
12665
993784
565028
435615
201
970947
67394
9008
268002
385332
1247
177945
7978
1340206
256274
11897
584323
1277988
437542
333354
11590
464889
12144
907
329321
1444327
9317
129378
15613
4517
579047
273895
5854
1315905
14208
109613
72207
259072
41490
32520
653349
11051
10331
3536
243688
506574
10068
39228
601844
16157
6038
1317276
1325494
1103412
245917
11453
606
1241750
45450
597890
1604783
403032
172226
630004
503917
9922
1632
843847
48944
10064
9946
455839
81529
16052
7552
254432
10536
9416
13528
10437
1318917
560204
567006
432527
540141
644479
571
49494
576784
282069
118939
49948
42384
13481
11543
29993
209262
181009
9907
100271
15067
503838
471413
11533
118957
532865
70411
290
828
1470984
143477
22971
18861
526426
475
522
51730
10202
437543
17653
9007
24238
22907
10204
319888
9386
10858
15854
704673
10734
31743
19457
93013
561362
1850
18881
1318335
645757
602296
271116
397469
12159
401513
2309
11054
84577
21032
980022
435800
2525
204553
937746
460668
1379587
111653
911916
53163
581389
3594
713607
1301122
115223
48395
41822
1297345
2008
11545
426284
133200
583083
14359
1221451
1073383
32292
25124
396
945675
1242265
9731
797
326
642
261903
18254
22683
449927
59468
82525
17962
1639
338766
972313
1576198
106946
340819
9410
835113
798544
10651
667739
10214
1365357
390051
398271
1109255
1290450
942126
441130
11704
539181
16161
408896
405775
1514125
155371
272693
10648
42297
124052
106164
2487
263341
21721
9904
4960
333669
586863
18760
9273
1635518
578149
17108
1658666
12496
621587
11587
63481
403699
67120
11165
7984
1999
471506
365222
1153399
30491
878361
10650
73567
852096
40980
9754
314127
1116490
38955
146301
678458
291692
44729
11497
341335
1659302
933861
24860
14139
1548
954740
579741
8764
4141
995926
796061
1296404
335360
8872
643
293768
10632
8388
2153
27337
1090983
108854
10660
272878
486131
429473
3512
635731
24922
11258
1303162
15318
705
11259
14191
334376
11498
26428
1003813
158445
10160
740441
10540
2748
324560
118442
1092506
349067
1154269
50087
2669
194523
10708
350392
58431
39323
127493
21717
1305653
1037348
1429348
192577
8327
58553
85186
1097001
417320
351819
229273
7278
632727
10052
12100
65180
482617
68555
611698
679890
6023
382913
7857
39939
2056
249
722149
350650
998731
4031
10257
2642
12150
584204
34647
14113
64789
760883
1088514
9399
15373
843302
15877
843241
12780
8408
18872
8688
1034662
136
25786
4543
481836
419704
806368
1148706
817758
1438229
28236
437633
571891
14571
1374462
20027
646683
1188258
37821
939335
9051
15035
253335
1433842
301875
12536
1541560
67344
1476928
294272
174772
5156
77728
9890
166666
934468
433157
1371189
14337
12560
854239
37030
110971
18731
9816
894169
50475
583413
18735
9563
11979
8092
173129
604362
143
28746
854804
1647
36819
313298
10157
979660
332340
15919
346646
460699
8290
9591
455954
1029529
9327
528549
1117020
10547
3604
411268
1477642
11507
814889
488
402298
390734
2043
860159
8923
967878
9872
458737
12590
11412
447743
112454
514921
549590
1213243
290271
403300
1083658
316990
1308619
23048
1450432
39145
262543
226
553600
77949
10057
9585
2100
1303236
405818
54065
1024452
366924
240916
1394098
1067820
1184495
4688
80585
921436
1257399
13673
470878
291276
843617
11371
1000520
399366
6404
511322
2924
602666
277685
18747
49292
7090
1365
68727
19742
436391
297608
16866
68507
19173
18487
91923
282631
11015
1146302
112205
1340110
641662
317557
10676
5549
379
877957
45496
1429
16766
9663
9545
430384
481891
944401
45682
10535
10956
460793
518963
5178
17335
419680
8831
4816
228203
1267217
546866
34297
121986
6878
606523
404378
239563
3146
758132
11282
814772
41535
11041
13509
55890
24150
25376
3111
121674
1542352
16990
9463
26275
1416651
184068
1000374
740903
32909
785542
28772
1323784
1075536
4929
865253
18672
1039882
213681
827869
494368
82990
19899
11234
68341
821
459910
109526
575238
1419826
280019
991814
35861
15860
17360
10019
12778
16808
614331
12219
586791
303854
438650
9422
4349
15775
11395
10074
658228
1934
487672
330980
205601
13836
707103
416477
55819
11797
105397
77953
10669
1241924
560044
460400
13969
303858
13685
9488
955666
287
1472668
90942
864168
774100
574982
829402
242454
193551
26390
11284
179
823
31690
850
152584
4477
11963
11893
592279
10025
9086
23514
110
184341
3763
402897
18666
11528
1429739
13155
575222
870518
60670
458353
751741
9975
1946
1257960
468224
81870
382190
317930
36073
543104
156717
952079
83721
1029445
1497303
82679
833339
184346
3089
20760
26550
41161
35854
445
111083
6068
1544
336455
11323
11336
508763
1288445
40829
384798
1408126
434670
10794
44040
1433719
79224
16633
8738
239529
10142
50147
1682
84188
642538
13078
8986
457136
10307
937249
10399
364324
1094473
539745
10861
10234
15157
1269644
11908
1088615
1241486
1572956
737057
519176
837335
294016
9299
14696
1430077
9394
10562
1075523
13971
428449
1063877
416249
16619
683340
568300
619297
10714
14444
1493859
570503
109
55341
31867
20676
254473
566466
553835
280092
10320
554972
407448
39828
11777
441531
192102
284293
1234966
263471
1412
11620
768
839
347187
565310
468
239678
1030588
42589
32579
10587
3036
9621
1440641
7305
632357
978
718838
1440769
759175
376866
504749
592
23023
20912
472451
12589
9715
9980
49009
1085103
94047
1088602
10649
521
12561
1146972
10992
67350
113
247954
1280672
1093237
857800
452939
482
8840
11381
10779
1399462
22244
18763
12538
387592
892
14863
1371789
454992
556509
261218
476968
13812
14257
336882
305143
1402034
338964
262918
1214138
1551
66715
375366
113082
470
542836
1016007
669444
260550
149509
607259
1310672
426426
474395
3686
10747
1229831
783110
85889
1588860
13346
141623
154
1278853
541134
10929
8649
469877
64246
17465
691179
9609
31347
27867
399019
1415974
467012
1393850
9542
2292
10285
1523067
7219
10199
365045
167683
80035
68868
203833
77883
990
394741
9823
77117
1103857
1094448
719256
597922
1071806
187826
9359
517093
387839
462677
928344
430644
226586
512196
77866
428288
1209511
1264573
525660
370964
1602727
371462
509635
33875
148636
435366
17581
1076487
477447
454293
269494
10479
110410
1492608
3172
47854
522478
2011
8052
374052
837
22611
17663
20721
1127628
496524
401246
200085
586047
49215
95516
18877
863149
10957
1278263
28465
1515395
4959
14536
402331
1588
11003
274790
1417059
31586
730840
36682
529545
61888
760600
11342
9945
835320
675327
120475
48963
12123
40352
1087388
44639
128246
7227
823625
593
1006462
1082010
114521
985932
727293
460321
1631
104323
763329
352885
43549
11087
244506
1586
472674
64685
22160
1052
982940
560527
836009
950019
118451
870270
11935
10328
20222
30368
412383
38322
132169
62977
823482
230887
3573
633515
14047
121514
831946
11816
800510
6520
10354
13099
248376
559638
62764
5516
335462
28355
6973
9893
514439
40807
354857
45736
710832
94380
910850
1499
1358491
253450
411143
545742
1522333
537739
439154
358651
1272166
9728
299
547565
3090
41216
13001
10478
1691
463843
420814
582596
27150
61062
384677
737043
9388
10489
1443801
506072
17473
10644
99
11864
10416
522417
20875
9957
40205
37218
6963
10907
9884
12797
257475
53851
8999
826
1202479
438808
89458
1471345
590
1059073
23452
250480
6961
342878
2103
9451
17808
1113583
14433
395458
42340
978592
18162
318781
57663
629028
371236
3432
10249
8491
20829
6312
33194
1013052
14164
7303
9030
89644
1432053
11400
460557
20533
14134
1094274
718444
14239
1646950
8838
774531
463272
603661
14291
11422
568483
21334
874743
203739
10426
12761
1180629
56743
174127
8328
245698
48773
8676
300289
932420
1406988
410199
21712
1066262
421725
37185
903
1301844
90934
455714
530079
68335
48171
25527
758009
34813
1244806
59843
10658
1175842
246741
78033
208924
1114738
926606
869536
10616
30596
7913
1305642
475888
348678
9407
1445981
1058537
1599784
16860
254172
989473
68817
399170
1147596
403367
84060
750309
97683
822653
1030587
12723
14269
507732
1235623
11660
434221
14181
11293
40264
82190
526019
9676
9429
10586
9013
763596
568467
977871
152737
13313
1252616
571625
255730
73456
10012
15724
245168
264999
42296
848439
56288
325348
10795
41544
649
319314
11697
10654
1229730
71469
527776
1589775
3595
4255
12079
1278162
587158
1209288
12085
212161
8844
579496
14864
86767
42661
9870
1442908
580175
198657
770988
4806
1297028
623
553837
1596291
581859
108
446894
11821
49096
924482
8740
957314
39900
10242
9464
11006
5511
283984
111969
20506
342588
975335
897083
137321
330483
11034
809787
49259
3480
15264
340825
18741
104287
1472202
1072371
522518
42170
1400782
1269208
160806
74525
961484
501517
656663
13127
1807
15767
2239
1204680
283235
1921
669671
751237
164457
10380
847823
559563
413337
14746
9718
912916
1055432
11127
333348
4012
7012
13851
546110
1439660
14435
18665
7095
9556
374461
9869
773867
71
9043
43636
118202
592834
5720
10471
1136837
832502
48297
18305
66628
403119
127517
540468
4254
9896
58224
72197
3580
335063
1120368
42194
30709
19898
74266
1409548
264700
49573
1147335
393209
11929
2099
351809
14462
11415
45284
31217
1106904
1072890
1105407
4912
618851
15657
399713
513691
14215
235271
1527163
200
862551
30061
541305
2332
2026
41436
845783
521034
42218
779816
15357
715253
151512
20043
21407
16296
12919
60669
554596
331408
14695
890322
9457
377447
723072
861451
39013
16345
398826
345922
901121
9208
945956
117078
192132
11982
775
1313194
454652
150213
389818
11158
16198
9829
866413
33408
673396
113344
575
76489
11078
54549
10699
48492
1362429
1300926
831395
60599
133805
1653252
26123
224141
11167
1071639
278774
12501
70846
16411
1255775
53023
1051891
11863
9384
1066916
341759
8881
175574
61202
1422004
1322831
1306816
997086
785663
524348
65759
14175
537116
44945
2293
42842
14217
66075
43672
39843
502033
371645
66125
6916
986054
84348
57089
75948
40105
14636
64439
536115
6538
52316
4193
180863
16340
21191
598331
668461
371608
218784
45925
1275151
371451
9517
14908
236751
9703
84092
2800
14254
1252382
8617
95935
48938
15058
399121
309425
12090
10756
670435
9364
173
226486
376865
1497348
8438
581531
35862
970347
4985
60243
214553
188403
11575
1067485
547
47292
45030
369557
1122634
911684
37258
639936
21500
581734
4415
144069
64720
3093
833425
29014
659959
51859
813477
372751
1527260
1287717
1544841
46111
2028
244039
349186
9664
241251
139329
511642
76349
25769
1045944
642671
1240928
12259
11708
9058
22897
347183
552
19611
958263
1422227
40971
86835
28276
355998
272691
10679
84308
67342
30575
20523
15592
70586
868578
34856
10339
78606
90022
264419
347969
51052
954752
89636
1447947
223485
45430
630240
23128
575774
397422
435601
13788
585831
117352
115156
59798
471968
470044
10388
12110
2275
347026
393519
11854
2661
1182387
452558
11384
294993
1242426
84706
330070
992566
28510
800686
1056360
675531
38425
933419
10279
539892
28377
9381
11347
436274
585077
144336
41428
11008
10493
2636
949484
23685
13596
616747
474538
2320
34375
87093
11589
574302
53807
584928
340022
1099639
23488
341012
339404
10544
1130818
11335
848187
68590
50321
11548
672741
11820
1232569
83899
48940
8859
826510
39464
44880
1373723
10823
9898
10155
19336
60695
1244953
373879
10212
1243460
218836
53113
43209
631060
821661
1419053
12309
452557
503616
9722
1599
1627796
443463
508138
512895
112702
17566
451417
68812
844417
177
1061181
2959
14811
507411
25239
534780
98613
320955
338729
1201012
10871
4241
600583
58875
1643
486520
250574
1330415
255413
3767
726207
592742
475430
63721
421467
961651
247
294793
9559
326359
13466
9920
9081
665135
23082
1243741
554600
5683
453755
9886
9749
842942
168530
34636
452910
297556
45438
435129
1101448
280002
428707
9821
10778
102780
550776
10611
708431
6003
4413
41453
62545
10166
8976
589920
220
781816
10294
370755
16367
89059
10683
14449
604360
11452
1182861
279641
576174
437109
13430
10628
34800
994
1081676
639557
11066
52730
45403
991197
331313
28162
76826
529216
32982
13649
10316
1300962
12146
45132
77429
15015
128136
29268
1177375
7985
439191
9796
467956
382989
1680
107841
11812
643586
10490
325133
505379
739547
617708
9425
486589
23155
721594
14900
30666
505058
42120
1299652
27834
950792
42269
15575
145197
441909
346346
36728
137409
343674
178809
452970
13654
9431
9899
253350
227719
11584
100
663260
39901
1213736
378462
14621
9103
21522
40025
8348
1307384
1364069
862968
447034
3132
5919
23150
14362
277547
338958
641909
486906
407439
11455
366672
22073
698840
37775
1356670
1676
9460
983883
605886
1476292
546698
127372
1227128
850028
11185
26259
2395
576964
1108828
21453
773736
64363
390634
101395
520663
11232
22582
12690
999644
9541
336744
9952
18183
718400
278079
119552
819449
266324
10934
1226141
321741
257835
38778
1128377
843342
475132
256435
239523
477449
578189
452832
51354
13681
512191
9427
11887
642121
28032
11353
406429
16353
11081
11639
494974
9270
1947
50647
30020
419478
16119
221
1299209
89147
499028
43959
11675
48417
139210
52663
37793
1329643
13446
287284
9954
840283
52324
24662
1211472
20617
2334
255343
20126
247236
10364
522406
85836
1068844
101334
19738
654
78166
64
453575
11202
21506
9942
38363
875357
195276
11890
86828
40346
1375646
857598
10647
606402
891644
8665
467796
420426
59402
327665
110980
509463
387820
38143
1235499
1261501
702936
1262983
123025
730047
51162
37939
41515
999243
2977
10782
39424
336
7859
387843
8880
11024
321185
459171
870
56485
2246
59421
271674
84586
82023
1957
47578
97796
15189
818750
548352
411442
11004
594718
67317
1325234
73245
41972
389053
32740
15739
543504
16281
108469
11592
342677
277558
1221404
16085
9824
451
791042
548300
662237
559974
291448
617882
883034
26271
594634
10126
565124
477776
11442
540
12498
11678
1014733
1260312
347413
4911
594188
91186
467169
12622
22590
39977
40813
11022
25716
802219
9012
470918
44587
796849
361539
1219548
31121
9075
1683
364329
4520
45035
105904
72431
10952
3114
864101
64847
109991
14202
1109406
1366745
9271
230179
301351
38745
28971
98232
2107
383121
338676
163786
551591
646974
94348
64222
724885
20481
961
962640
9021
9038
398175
415358
15849
695
60163
315509
392982
15764
566397
268648
39915
528225
287948
132183
1239478
397
13122
349498
1696
14817
931
1163953
92060
11633
1398655
557946
44728
357405
10620
10098
1319965
7342
3160
1450115
370076
579583
10733
119675
59298
66013
318541
696337
759
60145
16995
266058
52854
1311034
39776
1649259
359344
1659389
14919
1714
1525963
12177
114372
34803
49514
887
14553
489925
15300
242090
9090
8849
17600
15417
19673
497984
1634
1436978
38051
11338
44935
13820
153158
9681
11867
9434
184004
16558
1003579
1058906
256961
331583
10491
408648
9794
526535
35122
39940
896499
8054
1614973
10281
266396
881298
480105
869724
80236
10033
437081
639838
133694
206155
340945
302
57310
1600
35138
8583
117878
1241755
1969
10400
845659
1059372
1268609
192871
505588
12118
1658226
15302
35558
826769
11986
431572
2087
27372
9504
80280
492104
20645
1146348
664341
140638
17006
984324
500475
658224
10684
12335
612845
985602
282070
93582
150262
1077280
442065
847742
89501
434355
269795
1034062
365942
10833
36679
252168
32517
1310682
391714
77951
902870
109421
693827
393624
50571
399173
10003
671622
532408
11069
44768
20762
4244
556984
1075676
1128559
57286
45435
1479178
245916
184608
1941
1130022
551271
30618
17101
10640
52011
21734
1357305
16858
6439
444996
936074
45797
1440700
853376
50840
33055
1163258
596302
1858
1212271
72358
20431
69594
6171
848058
516329
10998
60194
586347
23538
339877
91694
41017
40156
599335
41180
1606341
866
592863
27573
15936
62838
1140692
575089
401666
518764
13291
574861
229339
11983
729097
9333
204315
3870
298092
5236
573364
11037
1284004
921
1459233
239530
602463
13205
14347
1411577
431530
628534
19458
32528
10740
2207
550353
23172
60964
2067
537061
9944
20649
976907
529106
611213
15421
1192209
537190
1235304
690957
29154
147
27277
5820
4967
38408
1134278
373247
83686
1260210
14292
11092
40081
27213
51881
591120
44754
17165
47525
606234
39437
33908
9060
15276
747305
1225915
41378
960876
16620
44458
38099
946518
286538
339
242452
347123
421473
14072
24748
44662
74842
617505
37961
66160
596160
24427
112336
19904
49370
354556
1162240
76835
445629
390584
1089654
32985
66217
9662
297160
72251
67343
586810
335788
13655
8007
984249
967066
185526
11866
19884
97351
1310741
1229349
502453
21621
604872
15105
10863
2654
524247
367198
242546
43255
38117
1407861
703451
974663
1379045
441875
7874
54178
664236
279665
654754
337674
22257
5653
211755
46825
16250
9272
1363979
18704
26268
8338
18627
27932
342055
36261
79433
452323
263401
238675
625568
520172
14938
597419
895959
589594
437586
1410399
10406
441183
1290213
420648
76731
17362
9986
376004
10808
284289
30830
11030
13022
70436
14289
410117
1159939
1280655
10024
1041513
757388
30197
1026999
1535504
666
10497
1259024
5801
1186563
10161
1127656
375794
157834
410113
827931
37557
921452
784500
96786
257932
620725
10394
13016
20770
39468
265180
740985
927547
76494
15766
172329
11123
9430
162095
547017
32233
537106
8874
23928
38954
18289
132344
25475
541703
530382
38015
2644
567797
369192
799710
1362101
1139695
58244
26789
45395
11443
73937
413846
227783
10337
1058616
96144
11931
85020
36282
9682
1123282
522241
24889
201223
14405
461763
375785
174
264264
12225
364411
1215818
1539746
11096
811656
50569
33851
628491
13283
1465038
1094974
157
511652
37032
11898
225728
1360
741011
67396
179923
533592
457251
72933
278540
483459
244458
10073
10407
10461
2269
24049
823395
337676
698128
1076500
606561
1155058
9656
33537
9950
315846
9048
38567
386874
298099
18269
649409
11806
11780
40644
192888
178172
71688
9557
846967
436120
8852
200145
13576
384682
1319738
1273948
533642
146724
11077
92990
30942
393266
1476770
41240
38543
1535392
15144
434555
493551
14136
1047373
15983
661950
542417
50326
42888
192904
11260
806704
580160
35022
50090
2926
1364
574060
11638
833593
53653
947166
1428977
340101
1381059
16364
29917
357407
1802
85191
24634
8285
103620
13532
290764
11787
565723
19124
7457
717980
820912
10210
13960
1388366
208763
91023
719128
250538
1057006
51550
1238188
45958
9801
330115
72013
25474
40700
1239146
568012
549110
475210
17182
582570
71668
9624
958196
36753
1386827
453201
16562
37645
484503
41003
12117
1257388
9991
12187
584776
86004
1461201
1226281
831405
658558
16308
15873
313922
241448
25195
16769
395181
72502
45288
1225482
1975
262391
142061
523139
2652
97430
49288
1443260
407526
10576
25446
10768
19025
10414
641934
1013154
13051
894803
65193
336004
33205
31512
1154338
660360
413198
44263
227348
87073
763788
4380
10197
10720
45504
10642
334521
652572
403867
586461
9871
496349
64083
11132
811634
11950
13369
452400
59297
76612
19528
11027
393392
766798
177494
144525
25875
3602
1325866
42684
72571
21631
69537
968868
965094
491926
1241905
249164
239439
502425
1079244
333381
950253
945703
108545
844075
265047
887870
1117609
5910
1637836
16608
9396
16617
269495
10424
357458
48340
15917
45507
457697
500916
1014214
1359916
163754
13690
741335
24750
10990
49044
234004
803266
11446
496891
335777
13002
85654
327331
91417
1389
482059
43967
40662
760161
598896
471564
757860
10876
139321
47647
473
775996
149085
873797
225745
1097870
12508
41264
6593
24803
323372
126314
13496
1083420
37984
115788
19114
295693
2925
696047
385736
84199
64807
10152
1244244
1144430
18480
20532
559957
181656
681887
34806
816904
10724
572628
1306845
1559051
39486
351211
40171
19053
72113
25858
60672
388207
1628524
866678
760497
29996
41662
1428194
387834
42601
400090
2539
299939
20530
14248
239566
991190
883768
567965
643532
1322218
204
76285
10996
44502
11973
1327821
189715
1229446
77467
192558
482204
589754
928333
413164
254191
158999
250734
14709
31412
848788
520318
711
26843
1239481
44560
1254754
484482
441384
236
624812
9846
6471
435064
10344
391327
1071038
10476
719410
60041
503964
523873
11448
1609639
8965
1619
363093
26665
44345
16538
1405185
273096
10839
241697
187392
110398
340613
382591
1129557
44554
185008
13963
849
763148
347626
4965
44363
64641
1145221
1126915
318
484290
458253
66740
1255020
42360
86461
1537780
1257406
514710
470114
27171
220882
787747
345674
912
335866
406250
1121612
332
1141581
425001
1032742
359678
1141700
75571
1414048
76812
30943
9300
9812
8818
1146210
98085
51999
1423983
42113
8453
32654
25050
12531
1158915
465603
20455
472269
40213
982543
10168
842033
893345
335796
14061
3133
73043
13499
1392527
25664
37412
2259
814340
75197
340402
320150
819876
481
1462146
2116
11248
31685
84250
977262
508101
11017
655355
449924
401200
535845
20921
578908
4978
37903
31602
150117
70670
12253
9766
191324
964819
79218
150027
16270
10760
12636
510298
2605
1103432
9050
424781
538225
702
36243
25661
9452
902
323675
65055
19185
579828
385261
284760
10534
428180
4375
628914
968870
10333
108433
714888
164558
572616
57834
10384
355506
13105
347847
11044
86275
45508
701944
412988
397722
11086
1505315
11419
1505183
1130948
437073
843380
38956
136686
9045
683127
26945
97731
5491
10136
9763
1115009
160270
3121
507612
472516
1492
409502
90214
1167366
487242
507
76544
3053
11518
364811
31598
12888
886396
9423
731249
785398
720557
375183
76759
13830
369608
1406
351964
23742
1096963
390635
46164
635199
568770
302401
952175
353326
23761
2000
912781
16321
573791
304357
17189
24418
604605
16802
20334
526429
1588835
63032
592867
426285
20544
418689
225638
144
449503
83517
17895
83960
10389
16563
2787
667717
530960
10381
60309
1662
422803
45470
417261
11231
291270
458266
791348
135531
96936
1142518
49355
167449
381002
315456
635750
597316
51943
877183
11074
675672
23830
333352
258947
58311
93519
1320786
160588
154353
10518
755812
323677
8952
251981
736790
1323744
170689
23397
906221
79322
213646
578906
35648
1221061
725064
17898
779280
339987
47407
10464
1290206
85985
10070
945801
605116
445651
1362
10411
5070
1420419
1063453
38303
821890
47931
77987
1108566
200505
570269
1308757
38040
8771
31327
18988
347186
895549
834027
573699
31049
18905
11431
107641
40247
1384216
805320
9367
266285
10372
12623
225542
703437
48231
45506
19063
1128547
391477
128875
36758
30718
498934
580532
70074
42994
24123
58954
1111491
294992
42000
446159
18812
1537
404532
262137
2179
540884
15167
7501
16516
14506
35170
329984
317744
11002
18041
14671
272108
44132
12268
14423
308369
65760
391907
349549
504295
729718
24655
1321439
247136
935906
64004
765245
127962
70530
91426
12900
1500536
433422
513347
154260
9885
799288
6116
472221
17483
11595
21537
15670
10908
1644
632
19918
569016
217923
198277
24873
214910
11617
75983
341689
860623
1055623
159117
365995
9573
791128
44245
41066
1909
1049574
204755
11374
51300
10276
373877
306
1280461
1084577
47370
260
85590
506492
913071
8836
1363899
22586
39074
425004
13701
1299537
1024604
31393
1147546
174108
11826
78381
8869
38093
10653
8989
855302
33273
6933
358306
19601
1448645
347866
230726
118576
8011
36218
233112
1280444
581644
578672
71851
10115
34134
105001
23942
10829
1027014
807196
222936
1554
846214
308504
20416
11387
276935
38155
364989
252520
9440
27429
69454
400157
432991
407887
117326
49163
482706
1118224
1580
12767
32767
938091
52067
1302014
66212
1216512
723562
1246596
45385
10707
20527
9466
17332
414453
42341
15577
36630
120143
695566
114168
1480
18867
11010
873129
1352774
843906
1003581
868660
1181704
1522126
14538
382220
66163
47293
1007401
63825
696157
717088
11427
80389
63030
232
518809
1249
1103825
778855
30617
1107325
1336770
58645
436994
916728
267793
51170
608085
81344
41477
36568
29005
466081
1811
1362805
978726
664574
479957
407445
404604
666243
41730
553573
78139
1392501
989937
14400
10862
354859
15742
1291321
567629
16184
15655
1623
19345
12157
1309770
296989
9405
29095
3083
656159
431808
39462
41421
214191
39691
1476460
1057022
101335
1142101
517839
9400
43939
11689
519040
1165487
743815
43434
23706
46503
1640697
1278827
330947
1008640
496331
1145725
1283320
1444032
45912
564147
3001
33278
1174334
8426
17100
624479
324963
2161
433726
1672
1201055
10847
245592
26175
14016
537140
11934
865910
431821
154524
18899
617143
134162
22824
1360838
1180445
11823
715287
195590
820530
317877
17835
258216
143472
8010
2463
586101
5165
586
36239
30168
60159
28297
13531
10894
10116
453127
172782
33909
49706
1913
461078
801604
514593
1214684
1439
529485
33125
11542
75100
28260
9357
2088
1368519
366514
9827
7873
1220441
1206083
1372586
396806
14087
404733
826708
32582
18631
41364
243683
1232933
100241
9589
433249
1243381
129139
451461
362057
18758
575718
207379
9623
26955
18890
79082
39466
404298
199928
1356454
742396
374056
1232493
339308
13282
417812
14576
12580
10582
45978
438857
1273196
716258
1390300
18196
539649
36091
2620
14052
35712
15069
13922
14044
64992
11425
5241
996
1032372
13633
40243
277452
1632511
408349
65649
1018337
376916
814662
436019
35717
65733
32159
14114
21873
517306
603921
443635
357786
460006
19494
283227
416194
30157
13665
82696
13936
2266
1098534
363209
52980
369196
10253
39390
201099
656968
69668
602654
1786
80987
333653
82386
18733
637693
1679
15981
1259983
160704
80861
1208983
633374
569485
3107
1433
574451
318917
964960
961418
597856
95733
229113
8988
1202033
32352
9988
295273
25536
11888
3537
409421
1111966
493899
46581
850439
149961
9569
57120
1078744
104176
44835
40348
547932
1204892
843794
161382
56124
308639
308653
32149
13477
283552
14397
97787
7972
892222
38057
418078
513427
283427
86666
1145758
152603
79553
1027073
1781
970284
435506
309299
121823
560391
592041
571786
458190
571573
106758
10103
9093
24264
23151
10909
858476
55379
10741
602211
1268053
1815
25934
82737
1014209
95576
316023
86184
10410
914206
1094556
82431
30143
1228545
358551
11040
315559
84183
58129
245703
214194
434775
237
1223584
783080
25296
821103
10355
113388
50393
759054
100039
11297
10017
1311844
11375
846778
209263
61591
1585869
581530
3902
114891
163772
105680
38405
14092
760517
628964
719048
714422
66788
13310
307
11601
656690
728123
19503
1448170
722913
24559
50435
16219
24774
12537
583406
563987
898673
43818
1234950
412381
11091
1002088
30117
10089
24831
12476
247543
10643
133521
703771
16158
1512925
338366
16643
6715
473149
84488
965222
455
792001
492449
206563
9501
287266
41505
238010
119174
64995
8653
5967
389952
29594
611395
876716
13159
11355
334281
457837
257091
34577
84427
27367
556276
529569
58496
16248
9421
876127
147773
360227
